001 web gaps [(199, 225), (295, 345), (411, 457)] cut [24, 20]
001 ios gaps [(198, 225), (312, 362), (427, 473)] cut [23, 19]
001 android gaps [(199, 226), (295, 345), (411, 458)] cut [23, 20]
002 web gaps [(180, 206), (276, 326), (392, 438)] cut [24, 20]
002 ios gaps [(198, 225), (293, 343), (408, 454)] cut [23, 19]
002 android gaps [(199, 245), (314, 383), (449, 515)] cut [23, 20]
003 web gaps [(179, 205), (275, 322), (391, 437)] cut [21, 20]
003 ios gaps [(178, 205), (273, 319), (370, 415)] cut [19, 18]
003 android gaps [(179, 206), (275, 322), (372, 419)] cut [20, 20]
004 web gaps [(160, 186), (256, 303), (372, 418)] cut [21, 20]
004 ios gaps [(141, 167), (235, 281), (332, 377)] cut [20, 19]
004 android gaps [(141, 168), (237, 284), (334, 381)] cut [20, 20]
