button ring (25, 25, 166, 116) -> (25, 25, 172, 122)
button rings 1
input ring (25, 25, 166, 116) -> (25, 25, 172, 122)
input ring (25, 136, 166, 227) -> (25, 136, 172, 233)
input ring (25, 247, 166, 338) -> (25, 247, 172, 344)
input ring (25, 358, 166, 449) -> (25, 358, 172, 455)
input ring (25, 469, 366, 560) -> (25, 469, 372, 566)
input ring (25, 580, 366, 671) -> (25, 580, 372, 677)
input ring (25, 691, 366, 782) -> (25, 691, 372, 788)
input ring (25, 802, 366, 893) -> (25, 802, 372, 899)
input ring (25, 913, 366, 1004) -> (25, 913, 372, 1010)
input rings 9
other ring (25, 25, 166, 116) -> (25, 25, 172, 122)
other ring (25, 136, 166, 227) -> (25, 136, 172, 233)
other ring (177, 247, 316, 338) -> (177, 247, 322, 344)
other ring (25, 358, 166, 449) -> (25, 358, 172, 455)
other ring (25, 469, 366, 560) -> (25, 469, 372, 566)
other ring (25, 580, 366, 671) -> (25, 580, 372, 677)
other ring (25, 691, 366, 782) -> (25, 691, 372, 788)
other rings 7
